2.48 -7.96
-3.61 -7.29
5.79 2.03
-1.00 8.99
-6.68 -12.20
8.18 0.43
-5.48 -7.64
10.85 -1.84
-2.60 -10.58
-0.74 4.88
0.33 5.83
4.82 -10.70
-4.58 -7.72
1.38 6.84
6.14 -6.83
-7.89 0.95
-2.83 -8.00
-6.27 -9.92
-2.46 -9.20
-0.55 -8.02
4.36 -6.42
-1.74 7.26
4.27 -9.90
8.26 1.43
2.72 -4.60
4.68 -6.75
2.43 -6.13
4.87 -5.56
-0.35 -9.46
4.82 -8.54
-2.74 9.47
-4.02 -5.15
-8.27 3.59
3.56 -9.71
-8.01 -5.93
-0.79 7.53
-11.80 -0.64
1.74 -10.23
1.07 -11.85
6.12 -7.93
-3.01 -8.31
4.97 -6.52
2.60 -9.20
0.60 -5.20
1.95 7.77
2.19 -7.98
0.22 6.79
-0.52 8.18
-3.82 -8.95
4.36 -5.69
-3.98 -5.22
-6.86 -1.91
0.47 8.21
2.18 -6.82
0.95 11.61
2.46 9.67
6.55 -11.23
-7.94 -5.57
5.12 2.43
-2.32 -8.20
6.20 -5.48
-6.97 1.93
-3.60 -8.18
1.28 -7.51
-5.52 -7.97
6.27 -8.45
3.07 -12.10
3.48 9.77
5.42 -9.37
1.78 -10.55
5.83 -1.71
-3.62 -3.60
1.79 -3.50
-1.72 -8.52
-0.09 11.23
1.91 -5.89
0.35 9.32
4.31 -6.36
-1.40 9.89
2.05 9.21
7.78 -8.32
5.32 -5.99
-5.24 -0.51
9.62 1.93
7.16 -7.37
6.66 -5.99
1.01 7.51
-4.56 -6.98
-3.65 -0.20
1.36 -8.05
10.52 0.04
7.90 -1.70
3.27 -7.73
-4.01 -5.81
0.46 -9.40
5.71 -8.44
3.58 -5.78
2.48 -9.05
3.59 -9.35
8.87 -11.93
-10.15 -1.15
-2.13 -6.69
-4.61 -8.12
1.01 -11.27
-3.27 7.08
6.63 -6.59
-5.98 -6.63
-12.55 1.61
3.61 -7.66
-8.96 1.51
4.48 -5.82
3.62 12.24
-4.39 -7.77
-0.12 -5.21
-4.29 1.49
3.10 -9.15
-6.78 -1.76
3.20 3.04
4.90 -8.42
3.35 -5.00
6.03 0.31
6.19 -7.22
5.70 -11.69
7.11 -3.56
-5.48 -1.26
-10.43 -0.31
2.78 -8.29
-3.02 -10.72
8.21 -1.30
-5.10 -1.89
-4.98 -7.73
7.76 1.43
8.12 0.11
-2.38 -6.03
-0.77 7.07
9.49 -2.68
-6.75 -9.00
9.69 2.28
1.82 10.03
-6.75 -0.32
2.27 -5.71
0.48 -6.43
-0.72 9.21
-5.94 -9.51
5.76 -4.83
-9.05 -1.83
-8.48 -2.28
-7.25 -4.81
2.38 4.88
-2.37 7.14
3.93 -5.05
1.43 5.64
-1.80 -11.74
1.71 -7.94
2.33 7.70
-1.67 6.02
-9.44 0.52
-3.84 7.99
-0.34 8.12
-5.98 -7.48
-1.06 8.35
2.56 -10.98
-8.71 -0.20
2.49 -6.47
6.31 0.56
-3.03 9.90
-4.90 -4.55
8.73 -7.17
4.48 -8.15
-1.11 10.45
3.34 -12.33
7.92 0.10
-3.58 -9.91
7.14 -9.47
2.35 -8.45
-2.10 8.96
4.18 0.19
4.30 -10.18
-5.87 -7.81
6.64 -11.18
5.87 -9.45
2.49 -5.69
6.33 5.20
3.33 -5.42
2.52 -9.09
3.08 -5.06
5.04 0.79
-0.55 7.80
4.88 -2.30
3.56 -5.37
-1.97 -7.87
-5.84 -5.54
0.62 9.24
6.39 -0.30
0.27 5.65
-4.72 -11.97
8.90 -7.78
-5.75 0.15
6.74 -7.57
3.14 -7.45
0.72 4.44
-7.03 1.64
7.85 -8.16
4.05 -6.94
4.02 -9.09
4.91 -5.80
-4.15 -9.85
0.59 10.41
11.30 0.26
0.88 8.81
-8.46 -6.20
5.21 -6.90
3.75 -3.58
0.06 -6.63
-1.99 -7.36
2.97 1.74
-5.21 -10.03
-8.81 -2.93
-1.23 7.33
3.24 -6.17
-1.48 -10.30
-3.49 -9.05
7.91 1.88
1.93 5.45
4.10 -9.20
0.75 -9.23
0.12 6.79
-5.10 -5.29
0.93 7.74
2.08 -9.06
1.46 -8.23
2.70 -9.65
-2.60 8.79
7.13 -9.17
3.52 -8.32
-3.77 -7.77
-7.39 -4.99
5.92 -8.79
-2.11 8.82
7.79 -7.10
2.05 -6.40
5.06 -8.31
3.98 -5.55
-2.31 -6.53
5.43 -10.65
1.30 9.28
-0.55 -9.14
3.92 -8.65
-2.90 -8.02
3.13 -6.65
3.88 -6.32
2.21 -7.16
4.52 -10.97
10.99 0.71
4.07 -6.50
3.64 -5.64
-4.19 -7.97
1.71 6.71
1.65 6.03
5.07 -5.50
3.44 -8.91
-1.09 -8.67
2.58 -11.70
-0.89 9.81
-11.54 -11.00
6.37 -8.91
2.56 -9.56
4.94 1.89
6.30 -9.91
1.31 -8.03
8.62 3.09
7.24 -8.39
5.70 -6.52
3.53 -7.09
8.08 -5.87
4.15 -8.89
-6.51 -3.70
2.33 -7.40
-2.93 -9.34
3.52 -10.68
12.02 1.72
0.36 7.40
5.57 -8.46
4.32 -6.84
-0.20 5.97
-6.55 0.22
2.43 -6.93
2.36 -9.58
5.36 1.70
11.53 3.50
-2.57 -7.20
-3.37 -8.59
-1.81 -7.64
0.11 7.72
-11.13 0.77
-4.92 -9.03
0.96 -6.57
6.30 -5.89
-0.47 8.59
-9.91 1.14
10.35 -0.30
3.21 -11.47
1.22 8.69
4.88 -4.38
7.69 2.97
-5.20 -2.70
0.85 6.95
2.74 8.47
4.97 -7.12
3.70 -13.30
3.12 8.34
9.35 -1.00
4.33 -11.55
6.61 -5.06
4.84 -6.64
2.26 -10.24
3.55 -11.15
-10.98 -0.64
1.94 -7.98
3.18 -5.94
4.94 -10.93
4.92 -7.43
-10.75 0.07
2.04 -9.42
-8.50 2.00
-1.34 -7.05
-5.85 -9.30
-2.61 -6.13
10.68 0.32
1.28 -8.17
6.54 -6.39
-0.21 -6.54
5.71 -6.13
8.26 -0.86
-1.89 -7.69
6.55 -5.74
2.41 -8.09
4.74 -9.72
-8.69 -0.59
4.57 -7.03
6.00 -5.53
4.85 11.22
3.53 -8.08
1.53 5.23
-6.59 -8.53
-7.58 -6.40
10.04 1.53
-0.92 7.89
-0.24 12.04
8.49 3.75
3.62 -8.13
2.90 -2.86
-4.41 6.43
4.18 -1.99
3.41 -8.93
-5.43 -10.39
-6.32 0.50
-5.34 7.95
1.51 10.92
1.62 10.34
-5.05 2.82
7.33 -1.54
4.44 -9.49
2.18 -6.78
-0.04 6.60
-7.38 -7.72
-4.84 -8.37
0.51 8.43
-3.83 -9.37
-6.80 -7.49
-3.67 -7.19
-7.13 -0.38
1.61 -5.78
4.61 3.06
0.51 11.05
-5.34 -9.63
-7.19 -4.73
1.95 11.52
3.37 -9.78
3.51 -9.71
4.77 -8.24
2.22 10.08
-2.33 -8.59
0.88 6.74
-7.17 -0.19
4.46 -7.81
6.88 1.63
0.03 -8.72
2.35 5.21
3.60 -9.32
-2.96 -3.08
4.36 -10.15
6.20 -5.53
-1.00 -8.65
1.73 -4.80
4.41 -8.02
8.68 1.90
-1.46 7.66
5.19 -7.05
1.12 -8.24
8.73 -0.67
4.39 -7.66
10.28 2.71
7.18 1.28
-3.99 -7.33
2.14 11.01
3.40 -7.97
6.91 5.05
5.05 -8.43
-1.26 6.30
-3.99 -6.43
2.45 -8.30
1.33 7.91
2.20 -10.84
1.54 -8.20
3.59 -9.43
4.18 -7.24
8.41 -1.47
4.38 -6.61
3.75 -9.06
8.64 3.08
2.91 -6.84
6.81 -7.08
3.65 3.58
4.04 -8.55
-4.74 -6.44
7.07 2.35
2.66 7.64
-0.15 -6.18
-8.29 0.36
-4.52 -8.74
-5.16 -9.13
5.57 7.32
-7.65 -1.02
7.49 -9.51
-2.04 -8.72
-5.21 -11.42
8.28 -6.47
-3.06 6.47
5.14 -10.21
1.53 8.34
-2.58 -5.21
5.86 -1.22
7.17 -7.21
0.41 7.94
-4.64 1.33
-5.95 -4.70
11.27 1.07
3.42 -8.77
-5.11 -9.52
5.64 -7.15
-1.62 4.84
10.67 -0.40
3.41 -5.95
-0.93 -9.79
0.10 8.65
5.66 -1.35
-9.15 -8.50
6.68 -8.02
2.10 -7.40
-5.54 -8.80
2.23 9.53
-1.62 9.44
8.72 -6.05
5.14 -7.72
-9.57 3.19
4.41 -8.22
8.99 -0.35
-6.46 -6.71
3.82 -5.22
-6.40 -7.22
2.31 -9.94
9.05 -3.86
-2.95 8.43
5.92 -8.22
1.85 -4.92
6.98 -0.12
2.50 -6.38
0.88 -6.33
5.43 -8.74
6.46 -5.78
-5.59 -7.53
1.24 -6.89
3.36 4.43
-9.14 2.59
-7.96 -7.32
9.83 0.59
2.13 -9.01
-3.90 -9.49
-0.65 6.58
2.80 -5.36
1.10 7.15
7.06 -1.89
-3.99 -9.21
4.51 -6.95
3.21 -2.90
3.55 2.44
-9.81 -2.35
0.23 7.88
3.47 5.68
